Alignment: 0.600000
Cohesion: 0.800000
Seperation: 1.000000
